1579049485905	100001	ec9302088a114e2e8ed8	0	783	183	737	426	3
1579049545905	100002	ecde6c2b69604fb68af4	42	840	186	886	80	2
1579049605905	100003	feac36084233427d8e39	84	130	305	651	885	2
1579049665905	100004	8cdd5be3bee844d7b824	126	157	7	252	399	1
1579049725905	100005	9b78a41610e941af8494	171	950	107	796	567	3
1579049785905	100006	95c513b326d448d6b520	213	539	337	935	625	3
1579049845905	100007	557e123beed243b9aa66	255	675	630	52	810	3
1579049905905	100008	812b2611659349e89000	300	450	269	753	26	2
1579049965905	100009	06c4c1f431234115be4e	342	874	819	970	376	4
1579050025905	100010	5be3028aa9d0462e96eb	384	28	531	361	116	2
1579050085905	100011	449641085e7c4188b7e8	426	662	279	625	581	3
1579050145905	100012	ffcf82a01b68454a8a84	471	287	93	142	240	1
1579050205905	100013	d57142f62f0e4ea4b0a6	513	102	777	475	473	2
1579050265905	100014	bd980592ed554c569dec	555	377	180	767	145	2
1579050325905	100015	cf5c0db33f0348e4bcd8	600	417	473	282	845	3
1579050385905	100016	3547b46ba7a249cb9fa6	642	354	984	705	166	3
1579050445905	100017	b7c396f2e4d24f49a632	684	360	905	881	98	3
1579050505905	100018	fa67a55bedc343b98733	726	676	430	264	407	2
1579050565905	100019	90b2f9a659454b0f8c83	771	327	933	526	527	3
1579050625905	100020	87fd704586a24ff2977c	813	406	41	91	773	2
1579050685905	100021	0e801ea8fe60442bbe08	855	283	924	363	234	2
1579050745905	100022	573584ca4eca4aa6b03e	900	956	587	596	219	3
1579050805905	100023	b6ee267b48154b7a9393	942	828	78	448	99	2
1579050865905	100024	7295b69b5f244d46b25e	984	552	674	46	89	2
1579050925905	100025	43dbc947d0224416964f	1026	340	389	834	926	3
1579050985905	100026	403c4b21918d47c2b55b	1071	668	198	309	741	2
1579051045905	100027	32bbba4d6903471bbf49	1113	391	390	919	223	2
1579051105905	100028	ce55aabc3a5b4c9bb053	1155	533	943	665	674	3
1579051165905	100029	f3d7562ac38140ec8f1d	1200	649	823	927	229	3
1579051225905	100030	dd4ecefe8096442ca7b7	1242	921	720	250	499	3
1579051285905	100031	2305bbcdb49141ec8840	1284	682	536	332	529	3
1579051345905	100032	4ac8f3db57e243e3a50f	1326	809	977	836	397	4
1579051405905	100033	53a1f614f8454bf1bd3c	1371	524	308	578	814	3
1579051465905	100034	c293b6b62bb845408c12	1413	183	934	533	642	3
1579051525905	100035	348bba6d81c04fa48116	1455	867	487	887	384	3
1579051585905	100036	14f7212e36ed4a7c94f0	1500	161	82	258	835	2
1579051645905	100037	c1561c4fb9904b96b344	1542	212	270	371	31	1
1579051705905	100038	9c0d83f25f3944e2ac2a	1584	987	321	669	979	3
1579051765905	100039	410b7fccb19e49f88fc3	1626	206	924	249	51	2
1579051825905	100040	39cc9538d8d64bd387c0	1671	320	975	17	576	2
1579051885905	100041	cf17ee5f95194b6ba928	1713	251	41	452	630	2
1579051945905	100042	3387583c383a44feaac4	1755	594	139	179	539	2
1579052005905	100043	add17de31465447db374	1800	599	954	914	927	4
1579052065905	100044	a5d08d92c5184c37bbf6	1842	53	272	851	52	2
1579052125905	100045	0ba1e794bc624f42a74c	1884	823	838	524	995	4
1579052185905	100046	ad3e8c8428e4411698ec	1926	79	968	848	960	3
1579052245905	100047	89616e376bc2454ba89a	1971	980	997	651	36	3
1579052305905	100048	06198d9b4bcd42818698	2013	714	585	775	693	3
1579052365905	100049	4fe18071e8064c0791d4	2055	5	369	724	740	2
1579052425905	100050	9f15719e7750466eb317	2100	112	74	933	922	3
1579052485905	100051	ce20153206e0482ea6f6	2142	703	742	125	88	2
1579052545905	100052	e9aa764a3ead4ba9b5df	2184	198	972	79	210	2
1579052605905	100053	41e41f3ef4454fe1bb42	2226	320	899	965	990	4
1579052665905	100054	ad576f20d3e8451e9aea	2271	57	42	801	263	2
1579052725905	100055	1a379101e4994284881f	2313	559	415	871	465	3
1579052785905	100056	6a942dc8ddbc4284836f	2355	579	395	723	104	2
1579052845905	100057	e2bf6c91380b4a698095	2400	830	799	711	802	4
1579052905905	100058	fb13943da2054fafa6dd	2442	830	77	821	717	3
1579052965905	100059	e96f24c2ccea4d089538	2484	368	532	171	406	2
1579053025905	100060	4268bd4302ce43e5a8b4	2526	663	889	916	783	4
1579053085905	100061	5d5e68b015ce4d6295d0	2571	722	239	890	492	3
1579053145905	100062	17b37506a574461da0bd	2613	172	516	578	915	3
1579053205905	100063	18c797de0bf8431d9ff3	2655	317	487	960	133	2
1579053265905	100064	2c11ebbb5c284986a45d	2700	342	545	185	333	2
1579053325905	100065	763b8c2a6e174b5a829d	2742	178	991	856	980	4
1579053385905	100066	c836eafc4ca24bd399a6	2784	271	633	520	807	3
1579053445905	100067	34b577a6839042958436	2826	484	347	0	270	2
1579053505905	100068	fa75fab989d440e5a057	2871	13	661	612	785	3
1579053565905	100069	76c67d931b2e4cf9a397	2913	889	928	680	705	4
1579053625905	100070	d28c4b254d774439b517	2955	469	384	479	448	2
1579053685905	100071	7165b9263d7b47128734	3000	673	961	490	814	3
1579053745905	100072	b6410a94a5de495f89f8	3042	736	359	717	121	2
1579053805905	100073	527e9d0d2e4d4476b3b2	3084	829	806	115	128	2
1579053865905	100074	134f2da2cc734edcbba0	3126	632	690	809	548	3
1579053925905	100075	dfd19b60843140f795c4	3171	456	396	160	139	2
1579053985905	100076	a022d06917784164acac	3213	979	122	308	547	2
1579054045905	100077	77c12d8860364202888c	3255	641	530	90	400	2
1579054105905	100078	0ddcefda91874dbcbbe8	3300	263	43	454	18	1
1579054165905	100079	771913381fbb41d390c4	3342	175	871	930	174	3
1579054225905	100080	6b165968822141e6bbcd	3384	964	313	738	54	3
1579054285905	100081	3b68a8e96e0448519e2e	3426	667	799	244	560	3
1579054345905	100082	f8823ac9136743adbbb9	3471	773	372	598	904	3
1579054405905	100083	8e05dadeb3924a9bbe12	3513	137	669	688	331	2
1579054465905	100084	3705d86572bf4e1995bf	3555	878	901	144	73	2
1579054525905	100085	4630db7806e54070a220	3600	278	512	500	950	3
1579054585905	100086	1f22590a9d734d6da15f	3642	567	136	905	485	3
1579054645905	100087	d8d3d1538f234573a632	3684	267	143	923	649	2
1579054705905	100088	1943c5d814d648c897b3	3726	455	754	862	202	3
1579054765905	100089	98f07d7361bf40678690	3771	344	343	336	808	2
1579054825905	100090	15bcbf812f5048a099a7	3813	601	707	633	271	3
1579054885905	100091	0bbf7905516c437d8002	3855	585	65	531	368	2
1579054945905	100092	5874ded61b4a40ac9207	3900	42	954	852	695	3
1579055005905	100093	40f93aa3cd7c4a6a95d9	3942	212	302	842	910	3
1579055065905	100094	607cae205a97466e96e2	3984	536	925	174	853	3
1579055125905	100095	d3ab6c81e07e4b0ab057	4026	681	597	537	20	2
1579055185905	100096	8177a9c9aea743449a93	4071	852	664	219	440	3
1579055245905	100097	a3357f8f0c8646c78928	4113	800	785	666	429	3
1579055305905	100098	d0bf23b963e54f039093	4155	968	394	247	406	3
1579055365905	100099	6e0d31cd8a3f444aaa64	4200	662	965	501	710	3
1579055425905	100100	30ca2ad755c2439689cd	4242	50	70	147	946	2
1579055485905	100101	92cbf976b7374e43b89d	4284	407	1	825	445	2
1579055545905	100102	be28f451eecc4381bc85	4326	566	197	183	135	2
1579055605905	100103	3b7bd508d3d443249e8a	4371	389	652	24	459	2
1579055665905	100104	5cc9ed3f027449579fd3	4413	703	462	837	76	3
1579055725905	100105	bebb07bdab164f789c06	4455	967	401	734	379	3
1579055785905	100106	d7ae817dedf545e1b684	4500	959	719	28	616	3
1579055845905	100107	2249cb4cb6b04b7ca457	4542	442	644	226	642	2
1579055905905	100108	9c6d895345a4474eac00	4584	218	963	378	916	3
1579055965905	100109	c8a37bb1283047f09fca	4626	283	276	244	63	1
1579056025905	100110	50bea06a3422442785da	4671	119	163	56	926	2
1579056085905	100111	acc2dd51edc5481392db	4713	179	496	253	354	2
1579056145905	100112	32373610424b4c70859c	4755	206	503	130	170	2
1579056205905	100113	ed1e37546f87409f9418	4800	33	572	673	742	3
1579056265905	100114	a1c2d4eadcd845988f20	4842	170	189	172	832	2
1579056325905	100115	d270d8550cad4bd89465	4884	355	587	815	832	3
1579056385905	100116	677a1ffe1e914ad38b87	4926	943	565	957	819	4
1579056445905	100117	70431d573e964a52af37	4971	613	323	647	599	3
1579056505905	100118	64add1b356d54e098c19	5013	837	309	959	294	3
1579056565905	100119	8788b525aa1c48fda9e5	5055	87	654	930	12	2
1579056625905	100120	55d7213f159548f4a2e1	5100	603	680	316	854	3
1579056685905	100121	b94961719bf24e6ba54f	5142	778	45	494	673	2
1579056745905	100122	18dd1d9b69d94b7eb018	5184	492	391	578	468	2
1579056805905	100123	7399258dcd724bd299a8	5226	603	125	279	756	2
1579056865905	100124	3e34d380b0c749c8af41	5271	245	514	288	50	2
1579056925905	100125	141e43078bbe4394b7b5	5313	991	11	158	586	2
1579056985905	100126	b79da7fba214434391d0	5355	988	405	550	139	3
1579057045905	100127	8b3906bc88ca4e99bdc3	5400	341	905	870	718	3
1579057105905	100128	19968b98ba2b4bb094d1	5442	274	766	200	941	3
1579057165905	100129	036d0fa60147419eacea	5484	286	297	593	921	3
1579057225905	100130	cf00dfa422634e22b774	5526	409	578	107	391	2
1579057285905	100131	c206f6678e8e43c09a23	5571	16	382	262	849	2
1579057345905	100132	6f324d97d7374ed4a729	5613	871	813	662	269	3
1579057405905	100133	97f0a8b03ae540e3a388	5655	654	680	694	740	3
1579057465905	100134	56b0eb00ba7644438ebb	5700	905	241	850	753	3
1579057525905	100135	0ec4fc24f46e411b9aa2	5742	625	14	802	683	3
1579057585905	100136	d7fe6c75f223400d8fd4	5784	832	987	106	585	3
1579057645905	100137	9256c6e60c964d069c2f	5826	322	459	614	226	2
1579057705905	100138	bc7a5e705b6d451f8cc5	5871	110	43	339	278	1
1579057765905	100139	bb349641c8fb4398b642	5913	308	955	345	116	2
1579057825905	100140	e8bede57a6a44391b64b	5955	657	233	61	984	2
1579057885905	100141	7ba05ac08346452e98a0	6000	814	236	410	240	2
1579057945905	100142	fef9c3cf377c4386b963	6042	911	403	351	20	2
1579058005905	100143	2cda94b736eb45a8a2bd	6084	911	752	52	112	2
1579058065905	100144	3a770a49aaf44652a23f	6126	624	516	758	888	3
1579058125905	100145	609f492126da4e97861c	6171	136	47	218	167	1
1579058185905	100146	048ea204d3e245a88b57	6213	39	236	846	603	2
1579058245905	100147	fe35a6fcc7664c388726	6255	997	431	131	760	3
1579058305905	100148	7c3e090592e447f8a8f8	6300	41	244	87	391	1
1579058365905	100149	3355ad014a394eb6b640	6342	691	149	191	499	2
1579058425905	100150	15e36169710b46358cef	6384	619	352	257	57	2
1579058485905	100151	d77eaafc60824552aaf0	6426	739	843	831	921	4
1579058545905	100152	bf205fd1e643417396f2	6471	823	837	151	901	3
1579058605905	100153	e36c74640e4d4c29b6f2	6513	421	18	928	597	2
1579058665905	100154	0d45323918364b968c70	6555	151	202	912	844	3
1579058725905	100155	40b8bad6ccbe45e3b279	6600	558	462	672	442	3
1579058785905	100156	94c7e034a48949b7a45b	6642	64	728	641	943	3
1579058845905	100157	8a8708283b9d4b2b9db6	6684	66	383	647	945	3
1579058905905	100158	1c08b1f45ccc4182b485	6726	584	268	787	26	2
1579058965905	100159	e6d5d8c384bc49e9985a	6771	937	92	207	162	2
1579059025905	100160	4ec303b7324c4d7fb0f5	6813	921	674	947	924	4
1579059085905	100161	e195826c4bca4d8a979c	6855	326	511	628	351	2
1579059145905	100162	c5eac77f26db455b9f4a	6900	19	753	468	779	3
1579059205905	100163	1e61c17a5314422ba342	6942	346	213	733	38	2
1579059265905	100164	8f2214b5526b447da4cf	6984	116	715	670	187	2
1579059325905	100165	fefa88e0c92b4893a05e	7026	525	101	120	349	2
1579059385905	100166	4b463c9b6f6e455e8194	7071	275	299	202	29	1
1579059445905	100167	4a114a142b794a0ab5b1	7113	621	134	753	454	2
1579059505905	100168	8a2ebeeb5fca40beab95	7155	641	94	740	97	2
1579059565905	100169	22709c0689c24807aa35	7200	389	979	211	714	3
1579059625905	100170	046a686c4d114fc7b43e	7242	878	197	479	542	3
1579059685905	100171	17c9120660c54786b8ef	7284	415	8	572	79	2
1579059745905	100172	a23393c11d254fdfb050	7326	345	527	772	558	3
1579059805905	100173	e5eefec23cfa46108f32	7371	881	35	117	300	2
1579059865905	100174	89fe63b05cf74c62a685	7413	400	993	2	237	2
1579059925905	100175	306718dae97a4cc68eab	7455	396	374	752	770	3
1579059985905	100176	2a76aff5fdb24c9095eb	7500	75	879	799	745	3
1579060045905	100177	3f2969ba0b65418fbcbc	7542	895	649	520	698	3
1579060105905	100178	84382d6962474c3fb75f	7584	229	977	837	528	3
1579060165905	100179	a837021ada644b99933e	7626	272	226	683	811	2
1579060225905	100180	8a0000ca32fb4693b252	7671	747	17	925	94	2
1579060285905	100181	695025f975194049a70a	7713	43	734	403	626	2
1579060345905	100182	1a26074fa3ca48248fb9	7755	250	369	735	862	3
1579060405905	100183	8629c11e5c384907a0f8	7800	944	543	88	225	2
1579060465905	100184	ee203853f04c48df86ff	7842	532	416	87	310	2
1579060525905	100185	4c6d518538064923a0ac	7884	257	21	319	75	1
1579060585905	100186	b6d65784a14c49ba8c00	7926	843	939	114	54	2
1579060645905	100187	65251cb32fb4422c8089	7971	817	175	750	459	3
1579060705905	100188	f001f9b8fd474ed3b223	8013	44	981	614	334	2
1579060765905	100189	29e76f59094f47099d75	8055	181	937	652	74	2
1579060825905	100190	7f2dc8468da249638530	8100	998	881	277	77	3
1579060885905	100191	c726f705700e429c95a4	8142	542	501	453	280	2
1579060945905	100192	f6898e0d2a43486aac5c	8184	904	804	458	990	4
1579061005905	100193	4f5d51aa3fb44f48a855	8226	53	812	36	96	1
1579061065905	100194	6c6d57807e1847c6a316	8271	45	22	713	762	2
1579061125905	100195	e87cc5cbffdb4b9fb152	8313	53	619	95	422	2
1579061185905	100196	4792d4bc95ef4b2fa9de	8355	595	415	83	907	3
1579061245905	100197	3090ff8993dc43c2ad4e	8400	933	313	742	185	3
1579061305905	100198	8bf1e760b66044ec9804	8442	711	659	239	412	3
1579061365905	100199	f43dfffae2fe4a02b7a8	8484	131	845	180	187	2
1579061425905	100200	e24e2fbad9c84592bf99	8526	450	896	722	364	3
1579061485905	100201	643ecb8dae8d48e5a300	8571	513	58	236	93	1
1579061545905	100202	aa3f28919d834692948e	8613	975	989	991	297	4
1579061605905	100203	1dab41d30b914485a84b	8655	218	43	708	534	2
1579061665905	100204	8d45ddb9f89241378acf	8700	562	83	439	191	2
1579061725905	100205	2cec4a92bcbd441ea005	8742	781	25	973	363	3
1579061785905	100206	f1ba5326b7df47a6a1be	8784	321	5	682	353	2
1579061845905	100207	7147984a097e45c7b877	8826	713	570	336	549	3
1579061905905	100208	40685ab8fc9443fb885c	8871	398	785	836	372	3
1579061965905	100209	6a5a47e6fda8479f98b8	8913	183	185	626	712	2
1579062025905	100210	b3c10a52d3f440058b6e	8955	420	365	720	912	3
1579062085905	100211	d300adc1657e4163be8d	9000	147	699	272	736	2
1579062145905	100212	a690970dcb7d4c68a390	9042	693	93	783	832	3
1579062205905	100213	601badb967ae409092bb	9084	11	421	35	547	2
1579062265905	100214	979d88ed65b746f7842c	9126	370	753	658	518	3
1579062325905	100215	96c63c35ab1b40d58a6e	9171	853	841	205	243	3
1579062385905	100216	cc1db832991c4f52b1a0	9213	722	985	483	882	4
1579062445905	100217	b2cce10ad90348948825	9255	861	247	682	595	3
1579062505905	100218	8e899c408da4401cbb26	9300	816	515	520	690	3
1579062565905	100219	1461ed420bd64234bb3c	9342	820	318	200	527	2
1579062625905	100220	d1168785ccaf437e9ca7	9384	905	784	888	809	4
1579062685905	100221	fd38de47cb8540c8a0a9	9426	825	202	86	846	2
1579062745905	100222	e50c48f98f254e33a2ae	9471	587	404	467	393	2
1579062805905	100223	674f21092db04e2f84b1	9513	852	461	384	281	2
1579062865905	100224	cb1a1452631d44c9a621	9555	263	661	661	714	3
1579062925905	100225	3f64f2309a65489c893f	9600	949	896	161	483	3
1579062985905	100226	cc98ae25169e47858e69	9642	632	985	283	171	3
1579063045905	100227	cfe073be7fe14ed7b459	9684	921	680	486	520	3
1579063105905	100228	b6b0168f82124a639304	9726	705	162	548	173	2
1579063165905	100229	4b33320cf98b4d678791	9771	405	891	929	840	4
1579063225905	100230	6a5e48c5c5e242119f21	9813	314	555	632	477	2
1579063285905	100231	e3fb6564737a48eb9806	9855	72	42	92	34	1
1579063345905	100232	8c21ba668a9f4447a1eb	9900	748	601	196	201	2
1579063405905	100233	1f73a5c195504e94afcf	9942	781	743	281	283	3
1579063465905	100234	1c26e302d2e4456f851f	9984	623	588	676	15	2
1579063525905	100235	d68e748c798141ad9899	10026	334	366	808	783	3
1579063585905	100236	7bd9395186d2409c996a	10071	58	693	783	939	3
1579063645905	100237	cf870f137402411fae0a	10113	889	253	825	124	3
1579063705905	100238	84a90d30afc9407c8517	10155	163	312	703	855	3
1579063765905	100239	59523a8e1422415d9387	10200	543	693	621	923	3
1579063825905	100240	cb6737dd2f374cfaa201	10242	954	233	549	201	2
1579063885905	100241	aa2ea477d8474ad89989	10284	367	816	800	736	3
1579063945905	100242	29671483c200402d842f	10326	250	392	472	938	3
1579064005905	100243	c60785c7e71d47e5bb8a	10371	767	11	850	279	2
1579064065905	100244	61a7dbd6d70348a5bceb	10413	48	823	583	276	2
1579064125905	100245	d08bf0fc73874c83ac5e	10455	59	419	57	359	1
1579064185905	100246	0517f42b104f4dbf8d3e	10500	698	200	954	425	3
1579064245905	100247	fddc36d56a5f4c8d8d3a	10542	467	697	295	648	3
1579064305905	100248	e62ee649ca15400eabbd	10584	848	281	732	360	3
1579064365905	100249	f9fa43463abe4a3f8aec	10626	761	528	346	406	3
1579064425905	100250	ffe8223fd96b449b87d7	10671	189	857	11	689	2
1579064485905	100251	d6ab32b01047443f9524	10713	144	579	574	341	2
1579064545905	100252	7d6d16c03cd2415eb217	10755	614	570	862	981	4
1579064605905	100253	09f755a4937f457290be	10800	126	441	773	852	3
1579064665905	100254	05f1ae1d3b854af1897a	10842	769	991	437	145	3
1579064725905	100255	ac906bf64864488db901	10884	250	899	103	532	2
1579064785905	100256	461ef8cb74444597ae6d	10926	744	276	45	1	2
1579064845905	100257	859b7e7828904351be92	10971	494	202	345	728	2
1579064905905	100258	881392550ae54843b876	11013	299	179	361	479	2
1579064965905	100259	49787f519f064dc2a81a	11055	181	11	210	757	2
1579065025905	100260	5b369dff36374ca1a79a	11100	625	307	137	379	2
1579065085905	100261	755cd2ce585a43fb920b	11142	37	668	881	281	2
1579065145905	100262	b8b169e10f8645cdbd55	11184	983	8	470	393	2
1579065205905	100263	07aa6ee965c947629af9	11226	838	302	304	172	2
1579065265905	100264	14a8379527334c2c8d61	11271	78	360	859	192	2
1579065325905	100265	4011eef59a3a4db3bbd9	11313	33	522	275	811	2
1579065385905	100266	710d652180f140569259	11355	521	426	221	863	3
1579065445905	100267	f6d607eeaf7b4b428036	11400	786	478	49	722	3
1579065505905	100268	c6a953da90e543158ac3	11442	668	790	764	64	3
1579065565905	100269	5de1a823758749bc98db	11484	134	543	921	847	3
1579065625905	100270	e5d5370cec1546519292	11526	886	25	463	295	2
1579065685905	100271	f7344639766c470090fc	11571	229	206	710	140	2
1579065745905	100272	6a2636ae482f4ed0a423	11613	343	824	403	929	3
1579065805905	100273	291681f1db264078888c	11655	264	373	683	923	3
1579065865905	100274	c9d0e69ed67343d19fe4	11700	450	233	805	191	2
1579065925905	100275	2069abaa5d9443fdbfe4	11742	939	665	199	57	2
1579065985905	100276	12b909dbdadb42339934	11784	883	975	834	626	4
1579066045905	100277	0f2d1db4039e43b08ebd	11826	964	823	698	861	4
1579066105905	100278	7b7b261b847646f19520	11871	514	333	13	518	2
1579066165905	100279	6c46df68c25544d18db1	11913	178	560	886	695	3
1579066225905	100280	52ba719df0784dd789c6	11955	254	703	241	137	2
1579066285905	100281	407db815453446319b5e	12000	982	711	758	915	4
1579066345905	100282	4655986c018547c9bbdf	12042	27	998	811	978	3
1579066405905	100283	19b8e6de0c5847a39506	12084	692	303	449	510	2
1579066465905	100284	c74c2156384d47e0bdcd	12126	868	778	641	852	4
1579066525905	100285	038ce2aac1714a04bb2e	12171	803	327	127	397	2
1579066585905	100286	a8123a0d561e46958aa9	12213	312	983	52	266	2
1579066645905	100287	4c3f530d11a84606ba72	12255	296	423	666	794	3
1579066705905	100288	82a5cb0801054f64bc6d	12300	624	58	809	250	2
1579066765905	100289	fd069cac12e844b481cb	12342	415	122	151	168	1
1579066825905	100290	27daaa8c38c54b68a81c	12384	663	515	563	557	3
1579066885905	100291	6b896d4208a6406baa53	12426	58	436	250	804	2
1579066945905	100292	df8ea42869314068b500	12471	320	211	91	914	2
1579067005905	100293	8a68bc37215843a6b7af	12513	743	51	253	268	2
1579067065905	100294	6bd7590ba81349cf82f9	12555	236	981	888	920	4
1579067125905	100295	f661485abef44ed3b196	12600	189	608	361	921	3
1579067185905	100296	ad0f65c2ab484c829447	12642	353	62	999	506	2
1579067245905	100297	e55472dc67de469b8b79	12684	407	773	698	750	3
1579067305905	100298	b4941e4da69a4d7f9e01	12726	427	934	947	466	3
1579067365905	100299	31d751375c9747c8bdf8	12771	551	293	238	72	2
1579067425905	100300	bd93d6c66fb24c179d80	12813	894	942	565	449	3
1579067485905	100301	6e639e1571c24beabf32	12855	483	408	182	189	2
1579067545905	100302	58779a124f68476d8134	12900	809	289	141	698	2
1579067605905	100303	50782f1030c547a89180	12942	916	358	860	103	3
1579067665905	100304	02f247e82e2a4f29a651	12984	236	13	38	868	2
1579067725905	100305	6bf6ef68c199479094c8	13026	89	681	563	40	2
1579067785905	100306	964b497e8e384e498bbd	13071	258	393	909	62	2
1579067845905	100307	1b286e700240460699e3	13113	792	534	634	846	3
1579067905905	100308	1688ead84a5f42c99552	13155	359	102	738	611	2
1579067965905	100309	d9e6fae7f2614d44a845	13200	173	290	24	550	2
1579068025905	100310	3d4cf86a910646b8ae50	13242	435	72	918	86	2
1579068085905	100311	3289a0c130e74beeaba6	13284	777	502	137	753	3
1579068145905	100312	6ed0b3f60a534b18b5d6	13326	949	868	883	716	4
1579068205905	100313	caf5a40c6d544c9583b7	13371	51	980	999	755	3
1579068265905	100314	f8ae9f37e60c4e75a18c	13413	113	921	711	998	3
1579068325905	100315	d85f7f40f7194664858e	13455	57	401	697	25	2
1579068385905	100316	f483eb4931e841f880b0	13500	922	817	720	622	4
1579068445905	100317	9b20dccd00844f858687	13542	120	555	911	912	3
1579068505905	100318	3ead90ea34aa45c9b835	13584	239	6	592	926	2
1579068565905	100319	48aa1bb64d014f87b03c	13626	439	179	539	99	2
1579068625905	100320	282d3e197c4d49578f97	13671	89	991	794	302	3
1579068685905	100321	0aa9b51f44074076b477	13713	992	434	105	195	2
1579068745905	100322	629fb819464145eda796	13755	971	538	331	437	3
1579068805905	100323	a709d97f829c4d04aac2	13800	423	956	487	350	3
1579068865905	100324	517a0641224643f48074	13842	385	921	857	284	3
1579068925905	100325	962f0931526f484aa0a8	13884	904	585	965	698	4
1579068985905	100326	1356c95d387241faa154	13926	993	159	111	872	3
1579069045905	100327	27a4168a47914d4f8d09	13971	852	617	694	384	3
1579069105905	100328	bb89f914fb764d26b1eb	14013	740	530	774	839	3
1579069165905	100329	0e58031cb8224f808e3a	14055	44	301	853	595	2
1579069225905	100330	a332bc28da4e4c39b135	14100	829	448	197	255	2
1579069285905	100331	f22cda9ffa644584aa55	14142	916	507	32	960	3
1579069345905	100332	78420b7f2e4349ac9485	14184	280	347	634	995	3
1579069405905	100333	e31e8330832c4aaaafca	14226	601	720	656	190	3
1579069465905	100334	55850f63cdd245c2b471	14271	628	183	614	968	3
1579069525905	100335	542f717e024f46f7ac69	14313	963	853	750	661	4
1579069585905	100336	5efad161b01e4522bdb5	14355	449	497	253	705	2
1579069645905	100337	9307f09a7ddb4c73863e	14400	115	227	183	0	1
1579069705905	100338	830cce39a3ae4c68b7a8	14442	554	847	851	752	4
1579069765905	100339	3cbb1f67eaa04f4682e2	14484	429	529	673	460	3
1579069825905	100340	3af2c323bdba41bd9f63	14526	796	868	871	599	4
1579069885905	100341	cd2956c0d029451ca3a1	14571	759	651	203	793	3
1579069945905	100342	f1d3e03d84a94d929c69	14613	893	906	883	120	3
1579070005905	100343	32f4cec8e60446f8b45b	14655	296	370	56	349	2
1579070065905	100344	1b307e0f807d487cb12b	14700	325	991	273	10	2
1579070125905	100345	12d5bc437a0d465682cf	14742	897	528	404	182	3
1579070185905	100346	5d426836155d436e9191	14784	671	59	519	701	2
1579070245905	100347	adee4ad6c21b41f98a7b	14826	415	786	237	902	3
1579070305905	100348	06ace510414e4e8ba369	14871	904	94	788	394	3
1579070365905	100349	a70a1caa7f6a497a8b6e	14913	894	166	850	358	3
1579070425905	100350	8511e637dc2546fc8a69	14955	127	164	792	117	2
1579070485905	100351	59291d1a9f80492fadb9	15000	207	332	511	94	2
1579070545905	100352	566c7d67013e475d951b	15042	355	722	871	605	3
1579070605905	100353	a418ebce11654acb9967	15084	10	855	87	840	2
1579070665905	100354	12c53fffe7214af29aa4	15126	768	808	614	368	3
1579070725905	100355	df34866b41d94ba496c4	15171	396	771	152	90	2
1579070785905	100356	d7a0c4071f194fc8b6a5	15213	513	430	20	161	2
1579070845905	100357	b2d5debb7eb44779b4b9	15255	626	734	66	186	2
1579070905905	100358	7f4eaf01c2a64a989d9c	15300	999	568	194	476	3
1579070965905	100359	da2084e3fbb14af79890	15342	236	680	543	738	3
1579071025905	100360	9cdbc553ce2e4e3bb8a8	15384	88	260	19	342	1
1579071085905	100361	8f0f6d8c17144a5b99dc	15426	234	852	268	203	2
1579071145905	100362	2e7efbbb606e427eb417	15471	480	649	620	231	2
1579071205905	100363	c785c5179bbe40bc894d	15513	786	567	502	803	3
1579071265905	100364	6b967034e95c432f9913	15555	595	688	76	449	2
1579071325905	100365	3ac5fb23f57043cfa6ad	15600	95	382	86	393	1
1579071385905	100366	a63198a981cf4c2383a3	15642	248	460	973	296	2
1579071445905	100367	d6c30290332241e88752	15684	139	170	237	485	2
1579071505905	100368	b6c3376b46a04fa89445	15726	775	411	105	561	2
1579071565905	100369	824ee5064e86455fb4e9	15771	510	484	664	443	3
1579071625905	100370	1ab096b1045247f2a585	15813	339	892	141	381	2
1579071685905	100371	4eb273bef0634ef29fba	15855	475	218	500	638	2
1579071745905	100372	dec3d7fadc824693a190	15900	505	304	168	4	1
1579071805905	100373	4a1f43264da645d68d18	15942	610	290	906	118	2
1579071865905	100374	b5f706986c1c415e9162	15984	799	555	300	132	2
1579071925905	100375	7eb01127517946efbed0	16026	128	220	364	236	1
1579071985905	100376	09db3f16e69c40d3b498	16071	749	441	516	210	2
1579072045905	100377	f07ce35bfc9d4c12b4c5	16113	856	171	318	491	2
1579072105905	100378	e22e2bf804a14a8da460	16155	310	139	100	662	2
1579072165905	100379	d698bcc43efd4c6bab54	16200	125	873	365	766	3
1579072225905	100380	9b3aee30fd7943479ddc	16242	759	922	596	232	3
1579072285905	100381	bb56f21c8e334ee08cf7	16284	981	271	803	694	3
1579072345905	100382	ea17f79f96184b119bd6	16326	415	832	885	230	3
1579072405905	100383	fcc891e9d57f423f878a	16371	271	228	216	811	2
1579072465905	100384	b0ef3e989ab34eeea690	16413	853	763	337	622	3
1579072525905	100385	f5ca97f07567454ca357	16455	5	427	970	600	3
1579072585905	100386	1be2581b836c49d793cb	16500	485	803	918	926	4
1579072645905	100387	1ab301580e954c878ff7	16542	2	600	509	961	3
1579072705905	100388	7d9d88b98a674ba1ac8b	16584	523	521	451	144	2
1579072765905	100389	690e90680f9a4f6fa383	16626	389	441	947	541	3
1579072825905	100390	c11dd146cabd49b6933b	16671	949	544	714	178	3
1579072885905	100391	3caaa29ce5e94e96a00a	16713	268	462	62	702	2
1579072945905	100392	0e245728757847de9d24	16755	292	734	220	807	3
1579073005905	100393	6130a9d5e63540068450	16800	881	482	672	317	3
1579073065905	100394	2023c60f8a1f45b5aa3f	16842	763	705	263	17	2
1579073125905	100395	6aedf6dc97fe48ee8151	16884	168	698	593	536	2
1579073185905	100396	34549b64158c4005ba67	16926	198	267	283	985	2
1579073245905	100397	00ef29c288e545b492c3	16971	878	298	480	542	3
1579073305905	100398	c20b1569931d403ebd35	17013	260	391	792	922	3
1579073365905	100399	aa030c199b59447c9323	17055	275	829	976	8	3
1579073425905	100400	c7beacc40a1545fb8442	17100	349	476	185	803	2
1579073485905	100401	6e4d22e8d00d444b9bc6	17142	400	932	309	319	2
1579073545905	100402	7fe8186cde344a4299b9	17184	101	639	539	451	2
1579073605905	100403	9280fbb3b6604ee6b2a8	17226	434	499	180	970	3
1579073665905	100404	2e93e5d921d845e18348	17271	158	250	670	349	2
1579073725905	100405	dbbad6b5606a435fb246	17313	844	408	638	742	3
1579073785905	100406	69777f084ff442bd898c	17355	137	57	74	155	1
1579073845905	100407	88deecb7bb594748905f	17400	104	637	356	86	2
1579073905905	100408	66f5d09470ee4a2091b0	17442	877	938	891	789	4
1579073965905	100409	5430eabac61e4469aee3	17484	511	371	12	770	2
1579074025905	100410	4de0744bb5a14690be40	17526	278	922	358	785	3
1579074085905	100411	cbdc0bc04e974c3fb1cb	17571	387	423	506	81	2
1579074145905	100412	397275eba8aa444eb5cc	17613	263	252	465	569	2
1579074205905	100413	5a9b43eafed94993b9e8	17655	44	263	911	465	2
1579074265905	100414	1c527eba7fc6416e8981	17700	648	154	286	354	2
1579074325905	100415	4c123ea942c242178b65	17742	639	523	286	659	3
1579074385905	100416	807980a2cdd34406a5c4	17784	952	579	543	481	3
1579074445905	100417	1e94b442d0f24c2e87cc	17826	920	182	353	74	2
1579074505905	100418	202a7bb80aba41f8b946	17871	403	366	579	310	2
1579074565905	100419	c2a6125322b54573897a	17913	657	651	552	370	3
1579074625905	100420	640f6c4c3cf947709153	17955	940	451	647	114	3
1579074685905	100421	ce1bf8f4696b4de08a0b	18000	944	506	913	106	3
1579074745905	100422	60e17f4ee2bb4126b583	18042	916	398	46	946	3
1579074805905	100423	a09bcb25e6ff444daad2	18084	757	666	936	180	3
1579074865905	100424	2ce722e76b8b4382a6a7	18126	241	37	209	299	1
1579074925905	100425	ae7c2f5df2b34784aa62	18171	232	878	801	154	3
1579074985905	100426	a775caca14e14690a916	18213	231	823	559	678	3
1579075045905	100427	90215c80427f42a884d3	18255	943	867	688	904	4
1579075105905	100428	0cb97df1d5d64d80b94d	18300	522	452	382	83	2
1579075165905	100429	95cc205ce9624197b48d	18342	709	749	216	758	3
1579075225905	100430	af7766b10d484f10b657	18384	609	969	175	487	3
1579075285905	100431	05e2930db50046c898ea	18426	516	119	936	245	2
1579075345905	100432	5b2a184725194a468474	18471	540	195	69	992	2
1579075405905	100433	7f6fba0e00844a3f81d8	18513	476	265	470	775	2
1579075465905	100434	709f9d1c0c154344b1a9	18555	647	808	94	797	3
1579075525905	100435	eb831571b0224a6aaf8f	18600	584	321	168	488	2
1579075585905	100436	f116880249c8447b9426	18642	324	499	856	664	3
1579075645905	100437	9ef00cf183e54a129d7b	18684	952	397	838	857	4
1579075705905	100438	01cefbbe57a048558a39	18726	332	215	309	501	2
1579075765905	100439	18fc1f2df5d14c569424	18771	265	645	417	17	2
1579075825905	100440	3e277421d3c141c991ee	18813	838	232	895	554	3
1579075885905	100441	60d888a748144979ab73	18855	758	859	607	316	3
1579075945905	100442	057e385b3d2646fd92ec	18900	54	159	628	415	2
1579076005905	100443	2f0244b4e5954bb59a89	18942	546	692	484	974	3
1579076065905	100444	7327701aa49243069653	18984	447	284	562	21	2
1579076125905	100445	2f01c68c32c241cd893a	19026	339	245	529	86	2
1579076185905	100446	7db9c17729a74a36aa95	19071	785	244	339	384	2
1579076245905	100447	9597979c3a2a4e93afe9	19113	608	392	624	653	3
1579076305905	100448	b3ad32601f6447c59bce	19155	731	546	698	143	3
1579076365905	100449	e918a4726cf442079c7b	19200	708	55	965	550	3
1579076425905	100450	7d551cc8846c40c6ada4	19242	593	895	972	216	3
1579076485905	100451	3508a60965ed43438494	19284	288	589	678	430	2
1579076545905	100452	3bff939363e246f989cb	19326	319	963	656	398	3
1579076605905	100453	1c10b90dac9b496db0cd	19371	324	554	636	290	2
1579076665905	100454	851f303bb1ab4ed0b404	19413	883	803	871	789	4
1579076725905	100455	64955e85c0b747578a8e	19455	286	597	551	493	2
1579076785905	100456	597e49719c4243fcaf34	19500	70	531	203	690	2
1579076845905	100457	3519bdb55cab4965b0fa	19542	56	329	262	985	2
1579076905905	100458	3199456c0dee4ea0aae8	19584	619	339	419	13	2
1579076965905	100459	5b7c64ff0a54449cb33f	19626	350	106	180	339	1
1579077025905	100460	7682c4045fda4273ba2d	19671	198	228	869	176	2
1579077085905	100461	4333de1e5a994aac88d2	19713	149	655	307	473	2
1579077145905	100462	7d367efac6ab4299a0fd	19755	830	698	499	494	3
1579077205905	100463	4a066835deff49bba52b	19800	677	415	557	845	3
1579077265905	100464	4ff8d892851b4504a7ca	19842	612	945	302	47	2
1579077325905	100465	7220f24eca8e4939a687	19884	175	534	821	784	3
1579077385905	100466	b5f9ae87b05c40499b14	19926	937	577	421	448	3
1579077445905	100467	c5cda5a0f0024e92a2a4	19971	232	199	881	841	3
1579077505905	100468	824ea33130884c4a8862	20013	187	699	39	309	2
1579077565905	100469	6fb16a266e2c4849b614	20055	852	104	155	454	2
1579077625905	100470	42f2cb4070b44d05941b	20100	376	843	348	169	2
1579077685905	100471	aae152ad0ec54a7684d2	20142	754	435	531	832	3
1579077745905	100472	69419fee6c304550a609	20184	952	422	575	762	3
1579077805905	100473	6ecbda6b412e4385822a	20226	406	1	766	625	2
1579077865905	100474	1aefc747a6a84dd6869d	20271	71	923	718	39	2
1579077925905	100475	560ef7321ce44d09bcda	20313	282	862	682	934	3
1579077985905	100476	fcbe425e41f34305b70b	20355	136	500	648	331	2
1579078045905	100477	7a2b26eaa1b9463bbe10	20400	483	946	78	374	2
1579078105905	100478	473b5fce731748d6b3c5	20442	90	267	245	785	2
1579078165905	100479	bac5f05c50814110a112	20484	418	260	862	946	3
1579078225905	100480	909ca4aca60944498693	20526	463	631	441	455	2
1579078285905	100481	26906397d4784327b817	20571	224	966	581	181	2
1579078345905	100482	cb6e74be3b9d40ed8738	20613	528	142	386	837	2
1579078405905	100483	8b8489a0bfdf43e993ea	20655	824	262	449	188	2
1579078465905	100484	c9e5bbe0b5164d17be3f	20700	65	266	285	717	2
1579078525905	100485	e8d3ac87965545dba87b	20742	736	704	75	445	2
1579078585905	100486	2d25f54d0e144632ab70	20784	707	286	748	754	3
1579078645905	100487	c6bd8d51219a4fa5a49c	20826	519	886	851	553	3
1579078705905	100488	98ea6aba75764c8299d0	20871	108	584	546	531	2
1579078765905	100489	03287a6ef12742b1a4bb	20913	720	450	455	427	3
1579078825905	100490	1cd1c92742c44c799387	20955	384	918	220	726	3
1579078885905	100491	d411a506c0b74b1e8e27	21000	702	832	924	488	3
1579078945905	100492	e97325764b5b49878b70	21042	835	691	1	815	3
1579079005905	100493	2332dedf3506416b8d33	21084	565	543	275	606	2
1579079065905	100494	501a4d11f4284ea3bcdf	21126	124	384	691	16	2
1579079125905	100495	b16febbe202342839ff0	21171	87	798	965	151	3
1579079185905	100496	148227718f1d4c93b87c	21213	612	525	788	8	2
1579079245905	100497	99b90b18af17417d9a46	21255	52	697	159	629	2
1579079305905	100498	0f4c2409265f4f598c56	21300	100	719	801	287	2
1579079365905	100499	ca9da67ab55241b4af44	21342	768	986	503	989	4
1579079425905	100500	051159cca97a4ff99db1	21384	378	89	698	213	2
1579079485905	100501	2d362b524faf4f3f9be8	21426	792	562	548	670	3
1579079545905	100502	dc44f56e91b14748a485	21471	252	861	519	960	3
1579079605905	100503	ebce73537a534364b5c2	21513	772	335	553	944	3
1579079665905	100504	b8504bd49d2e42e081ff	21555	618	682	924	876	4
1579079725905	100505	55f73185a4f347029a96	21600	366	773	785	568	3
1579079785905	100506	d36a403e7d5b40dfa26e	21642	136	213	893	402	2
1579079845905	100507	c21e3916551f44608d0f	21684	970	16	260	336	2
1579079905905	100508	b239065f9ee840d787e3	21726	369	265	762	540	2
1579079965905	100509	65bbca7784a14d8bb2e6	21771	644	741	217	480	3
1579080025905	100510	9970754f480349e2a1ba	21813	204	649	564	292	2
1579080085905	100511	644e386321eb424ba8c4	21855	500	118	929	818	3
1579080145905	100512	c9cdcce1a506404aacf0	21900	739	946	349	858	3
1579080205905	100513	bb4777a1743543418b45	21942	292	84	538	975	2
1579080265905	100514	4760963159254cda88fd	21984	23	708	60	621	2
1579080325905	100515	9ebd0290b23d458685f0	22026	848	613	153	917	3
1579080385905	100516	f3fb1c969eeb41129f4b	22071	276	343	326	406	2
1579080445905	100517	256581dbd8ba4e20aafd	22113	164	189	286	858	2
1579080505905	100518	2c568fd4ca43434080d7	22155	411	784	213	42	2
1579080565905	100519	54b70a2a78714b638bad	22200	154	166	555	911	2
1579080625905	100520	fe5eff3e144d40038f80	22242	890	363	285	758	3
1579080685905	100521	98bc78ebf0074bd59a73	22284	609	394	381	911	3
1579080745905	100522	941de76fc7b84d958802	22326	125	48	489	427	2
1579080805905	100523	2115db00fc2244bcba2f	22371	926	813	161	207	3
1579080865905	100524	71756c7ad19f4585b327	22413	145	784	834	321	3
1579080925905	100525	79fe7cf952ca4c85ba95	22455	326	981	656	557	3
1579080985905	100526	eac80da462e34ee4a716	22500	75	342	32	453	1
1579081045905	100527	6d80885859754df78eaa	22542	593	20	899	955	3
1579081105905	100528	9705b3730d654cafaddf	22584	444	248	126	332	2
1579081165905	100529	e76c623f9aaa4a238f8a	22626	369	946	222	532	3
1579081225905	100530	58db044e8fa84366a12b	22671	263	756	569	503	3
1579081285905	100531	2fac26e3e2cc4a6a9697	22713	808	853	256	619	3
1579081345905	100532	fc559c773bbd4f88988a	22755	345	350	873	448	3
1579081405905	100533	e090741a5ed34d8c95fb	22800	949	250	265	608	3
1579081465905	100534	97b925aa085446ebad08	22842	472	142	63	473	2
1579081525905	100535	b204d9259242468a9182	22884	471	130	19	268	1
1579081585905	100536	f31cbed850264dd7a864	22926	333	468	917	217	2
1579081645905	100537	b4f3d42e34b1420f98f6	22971	15	728	938	737	3
1579081705905	100538	3c6d5931919944f9a6fd	23013	969	454	320	504	3
1579081765905	100539	5a7f2c15ea72453d9f5b	23055	930	744	19	621	3
1579081825905	100540	8b9eedd7a65447f6972a	23100	770	221	857	39	2
1579081885905	100541	0ac8f7d655d9436fbb11	23142	493	679	696	69	2
1579081945905	100542	588e300a194d4c4bac02	23184	919	566	439	970	3
1579082005905	100543	0c3d11887bec45b98380	23226	134	143	969	148	2
1579082065905	100544	29a22946e9bf43618810	23271	840	948	158	791	3
1579082125905	100545	fc27ab0cf8e341c2ad90	23313	545	201	947	267	2
1579082185905	100546	7b902a4219384192adf7	23355	902	832	42	327	3
1579082245905	100547	16f5d3ccd1a842cb938d	23400	552	410	725	936	3
1579082305905	100548	c1a4c871aec142119e18	23442	752	283	300	10	2
1579082365905	100549	f28ab6a5884e40f09b54	23484	81	81	694	225	2
1579082425905	100550	f7ffce482e6a4713a08b	23526	796	80	116	356	2
1579082485905	100551	02e37c496f9e47c89303	23571	516	628	616	823	3
1579082545905	100552	3854181081564538aa0b	23613	993	797	732	748	4
1579082605905	100553	0f61ef7860bb419ebc0d	23655	666	928	152	678	3
1579082665905	100554	10914ed139274527b2bc	23700	307	776	651	89	2
1579082725905	100555	9058d52fd00648a8a903	23742	871	896	26	89	2
1579082785905	100556	46cccb8fc45f4ef3b492	23784	662	259	911	893	3
1579082845905	100557	ef08620a0d26420cba6e	23826	807	434	809	735	3
1579082905905	100558	f8d3e7d59e174e11abfe	23871	890	530	785	292	3
1579082965905	100559	311fe2023e6c4d06b35c	23913	516	935	804	915	4
1579083025905	100560	ab9bdfa2698b49f0b62a	23955	237	193	652	59	2
1579083085905	100561	f224f6970cae4aa9bf2e	24000	54	138	362	541	2
1579083145905	100562	3cd952917875433db7d7	24042	979	504	694	955	4
1579083205905	100563	70e2a704c3a94746af71	24084	609	893	863	843	4
1579083265905	100564	136accfda82e4f25b5f8	24126	537	97	502	877	3
1579083325905	100565	3de5a486eec240468f41	24171	434	121	596	981	3
1579083385905	100566	ab29c90f4a554342a760	24213	741	654	635	572	3
1579083445905	100567	78130a932e864fbe96a0	24255	666	732	10	794	3
1579083505905	100568	162365e1d92c486bb2ba	24300	816	605	499	832	3
1579083565905	100569	9bde42484d85407c976f	24342	441	18	94	565	2
1579083625905	100570	6d44575ab1f24d598a8b	24384	867	877	0	119	2
1579083685905	100571	b32b4765df954d69b909	24426	379	174	559	988	3
1579083745905	100572	96fd3514129a404aa4c4	24471	437	184	652	628	2
1579083805905	100573	b8eedefb6d5644969c21	24513	510	39	931	12	2
1579083865905	100574	d1f9d803875c4617ab28	24555	658	33	46	674	2
1579083925905	100575	9a61240c84d04bc8acd7	24600	993	366	741	408	3
1579083985905	100576	bb3d0b58f83e4930bf19	24642	269	821	210	807	3
1579084045905	100577	ac9fe1b730c94d6b998f	24684	79	644	561	66	2
1579084105905	100578	e58771c6cf0141599baa	24726	831	947	653	787	4
1579084165905	100579	0719746353434c268c8f	24771	393	158	854	254	2
1579084225905	100580	a94b2e2efca14a558d8f	24813	532	294	142	800	2
1579084285905	100581	30b80017677f42aaa235	24855	935	202	250	939	3
1579084345905	100582	b0a95f4e54d045be9b4d	24900	677	599	358	721	3
1579084405905	100583	fcf101691442452ea4e6	24942	871	105	545	650	3
1579084465905	100584	f6603d9d12574b259527	24984	104	197	928	429	2
1579084525905	100585	5b9b649d3267450b8a2a	25026	404	405	262	599	2
1579084585905	100586	01596694b56e469784c0	25071	145	22	9	58	1
1579084645905	100587	0a691153ea19452e9e7f	25113	960	274	120	341	2
1579084705905	100588	680eb5426bba42749885	25155	637	5	952	668	3
1579084765905	100589	533fd3e298f34cc8934a	25200	345	46	598	788	2
1579084825905	100590	8ab0026732444d2cbabf	25242	65	404	887	405	2
1579084885905	100591	31d01ab29f3047ff844f	25284	247	362	115	892	2
1579084945905	100592	57f2d6d335bc46dd9596	25326	638	241	480	868	3
1579085005905	100593	9843c1f39b7a4fb4a487	25371	948	296	594	465	3
1579085065905	100594	908c14a5d42b4b2695b9	25413	408	458	280	624	2
1579085125905	100595	7075931fa0a34fb9be6e	25455	906	805	162	726	3
1579085185905	100596	42d3cee5c20a46c881e6	25500	178	730	806	916	3
1579085245905	100597	d4f6bde951b1429c8013	25542	840	214	194	284	2
1579085305905	100598	e77b6fc49c3f4d928188	25584	491	604	532	91	2
1579085365905	100599	65b67f1be5af43a8919d	25626	381	148	366	474	2
1579085425905	100600	3558ddc82c124e719a06	25671	195	540	325	90	2
1579085485905	100601	eea47a9a8f3a441a8f00	25713	803	10	240	315	2
1579085545905	100602	5bd231bba4b04b60ba22	25755	942	427	565	98	3
1579085605905	100603	b75dd59b6a204e4fa631	25800	733	995	903	517	4
1579085665905	100604	f808e8bd7c534f149d7f	25842	303	233	156	572	2
1579085725905	100605	026d5fbc54c54bf88d14	25884	936	414	867	806	4
1579085785905	100606	68668732f1504c65b8f1	25926	198	514	986	757	3
1579085845905	100607	d53c4b9f31db4a148d6d	25971	501	348	246	135	2
1579085905905	100608	0372cedc465f416ab4b0	26013	826	380	500	978	3
1579085965905	100609	f1a110ddce324d318e5f	26055	53	358	580	523	2
1579086025905	100610	13b8f7e52fea46df884b	26100	439	469	749	962	3
1579086085905	100611	5d92d4d4d68e4075a9ce	26142	227	177	251	446	2
1579086145905	100612	ffdc717b3d67460e8403	26184	969	974	301	425	3
1579086205905	100613	1ebf006a2a754a43bbbe	26226	565	507	947	671	3
1579086265905	100614	6fe20f3e8bee4bf281b8	26271	959	308	885	481	3
1579086325905	100615	9cc776803f87462098b9	26313	315	36	519	624	2
1579086385905	100616	a5a918d050804d7ebf56	26355	504	627	201	928	3
1579086445905	100617	1e755bf67bad4494b05a	26400	94	432	106	523	2
1579086505905	100618	965a598feae94cc6afa0	26442	272	259	492	566	2
1579086565905	100619	8186fa00223544258a8f	26484	737	802	610	428	3
1579086625905	100620	1c8d6689f3ad44649ecf	26526	988	357	894	533	3
1579086685905	100621	c8f9c33587454cc3b55f	26571	483	552	736	187	2
1579086745905	100622	4502bcbf24714425a8aa	26613	217	5	41	977	2
1579086805905	100623	3b0c1af7d9004675a576	26655	555	507	702	192	2
1579086865905	100624	b168df7ed1b7414da054	26700	72	679	183	80	2
1579086925905	100625	90854e6f7e8347ccaeea	26742	458	45	575	103	2
1579086985905	100626	e03bc41a33034850bfcd	26784	333	699	198	977	3
1579087045905	100627	be6e31140b2e478ca645	26826	276	202	513	516	2
1579087105905	100628	34cd2631090144968d29	26871	43	522	987	590	3
1579087165905	100629	f4ab6b8a97184ddcab28	26913	894	385	485	733	3
1579087225905	100630	7827f673a5a74305a123	26955	601	344	138	291	2
1579087285905	100631	1e8b36eef05c4bcda6fb	27000	153	451	549	861	3
1579087345905	100632	99e79e653bdf42e09fe5	27042	375	730	99	198	2
1579087405905	100633	15ea57780f78490db23b	27084	117	312	333	260	2
1579087465905	100634	92459358b016411fa35b	27126	433	255	558	823	3
1579087525905	100635	eeeeacd5776943d5a2c4	27171	151	14	547	457	2
1579087585905	100636	a934545c119e4bd6b9d2	27213	330	913	816	63	3
1579087645905	100637	797ab4dcef104eb2baf1	27255	371	675	135	618	2
1579087705905	100638	5370c2dc11f84171985b	27300	850	307	211	474	2
1579087765905	100639	496cb55afb924367abd7	27342	729	496	939	976	4
1579087825905	100640	bbac3b44ae1740548c6b	27384	89	217	946	543	2
1579087885905	100641	a862d11217fd4d8580c6	27426	347	110	275	278	2
1579087945905	100642	48f7c211e8584475b09a	27471	400	293	537	348	2
1579088005905	100643	8307e3f230d94149ab34	27513	133	514	812	945	3
1579088065905	100644	61068ba4a9f34c27a5a2	27555	502	334	313	428	2
1579088125905	100645	1fb3a5cc729941c8b303	27600	340	42	737	606	2
1579088185905	100646	11c375a36c0741ada56e	27642	409	512	665	466	3
1579088245905	100647	667bca5bf6214ec39e83	27684	487	86	241	544	2
1579088305905	100648	f91c117bfc1a4c94ba06	27726	192	880	94	445	2
1579088365905	100649	145961ca0dc542718e4f	27771	481	434	74	449	2
1579088425905	100650	ee6170e50f84481aab44	27813	624	711	635	380	3
1579088485905	100651	05385882526447b18e79	27855	172	376	209	541	2
1579088545905	100652	b75b4e99abb946b5860a	27900	955	132	577	721	3
1579088605905	100653	afd3d2c4bf0446fea02c	27942	630	896	167	813	3
1579088665905	100654	296f4adbffef4068a12a	27984	857	156	0	40	2
1579088725905	100655	4f129fc57ba443f9ae08	28026	775	234	853	383	3
1579088785905	100656	001af120985f48a8bd95	28071	979	940	195	526	3
1579088845905	100657	4bb36b0f40084e41a628	28113	161	224	56	776	2
1579088905905	100658	738d3371b6e5416b8124	28155	994	386	424	420	3
1579088965905	100659	f5fd0272d46c485ca683	28200	30	998	477	876	3
1579089025905	100660	952a365085e649c5b0dc	28242	180	873	909	642	3
1579089085905	100661	8ffc4f5618a84a68b5ab	28284	413	868	933	202	3
1579089145905	100662	003b795689b544febdd5	28326	231	51	316	518	2
1579089205905	100663	b28d20826e6f42e0a49a	28371	981	856	866	930	4
1579089265905	100664	aef94452e20041bcb8d7	28413	164	542	671	261	2
1579089325905	100665	3495519425e0445a8050	28455	24	93	176	672	1
1579089385905	100666	7a7c3d56fc77497397b8	28500	948	162	531	270	2
1579089445905	100667	b60d7681fa9040169f40	28542	953	888	844	160	3
1579089505905	100668	57a5fbc5477f44dca8ae	28584	574	79	449	572	2
1579089565905	100669	836176b2711349dc8362	28626	726	591	624	465	3
1579089625905	100670	655ba10eb8424c628da7	28671	887	737	824	746	4
1579089685905	100671	72b6abb75dc049a0bf1b	28713	998	386	540	812	3
1579089745905	100672	106e9ce28dd9467d8aa7	28755	127	845	548	782	3
1579089805905	100673	07070e0a72c24e6a84df	28800	810	980	798	932	4
1579089865905	100674	db1d61bc9361412c898d	28842	906	235	138	440	2
1579089925905	100675	bfcdc3b1ff7b4e9d8c13	28884	496	617	131	158	2
1579089985905	100676	f8a76cb7947d4b338ba8	28926	788	171	600	194	2
1579090045905	100677	a66afe047cfa4b06b2e8	28971	219	919	635	968	3
1579090105905	100678	84506061d30e40be97b7	29013	84	938	897	591	3
1579090165905	100679	f85f4cac432d4ffabda3	29055	708	871	864	899	4
1579090225905	100680	0c768f3689d8460d85fa	29100	609	732	111	901	3
1579090285905	100681	923d977c24134384b43e	29142	676	786	590	409	3
1579090345905	100682	549e8ebef0894f4a8cf3	29184	159	553	975	861	3
1579090405905	100683	21925ef8750c4f19a178	29226	662	493	628	297	3
1579090465905	100684	3e8c67f55c634175be20	29271	707	882	136	383	3
1579090525905	100685	221364df24004867ad89	29313	249	663	762	185	2
1579090585905	100686	51f1621fe16d4d9ba50c	29355	522	314	11	49	1
1579090645905	100687	c5263546618d40fca5cd	29400	580	32	25	936	2
1579090705905	100688	a163b01f3fa341798ea9	29442	238	447	140	847	2
1579090765905	100689	b5981ab7258d4ba59f7d	29484	48	210	453	259	1
1579090825905	100690	522c3bb1826a482c9a24	29526	568	200	135	657	2
1579090885905	100691	7c99a5be3a2645b0800e	29571	521	313	213	878	2
1579090945905	100692	417e2899cb464c7d873c	29613	798	46	787	593	3
1579091005905	100693	4481e2abaaa444dba739	29655	549	700	553	688	3
1579091065905	100694	6a5144e0b49e42b7b94e	29700	246	685	986	660	3
1579091125905	100695	9911c5528b0d4b29adb6	29742	578	931	267	722	3
1579091185905	100696	b965edb19c1b4265930e	29784	457	401	606	278	2
1579091245905	100697	cde4a27c32c44516a4ef	29826	684	48	270	942	2
1579091305905	100698	35926e7125d54bdf9573	29871	185	443	677	120	2
1579091365905	100699	8435a947873d4e8f8e31	29913	52	440	50	961	2
1579091425905	100700	89e906bc16554643929c	29955	610	636	94	611	2
1579091485905	100701	6f4402079aa345e4b8cb	30000	473	201	285	738	2
1579091545905	100702	ace799a127a148749000	30042	964	310	362	860	3
1579091605905	100703	1dddae7a679a4077993b	30084	587	380	898	43	2
1579091665905	100704	237c7c2ea7434435ae05	30126	694	488	315	664	3
1579091725905	100705	85d2966d9b75467a9791	30171	506	809	46	333	2
1579091785905	100706	312c41144b714e1c9cac	30213	92	288	455	30	1
1579091845905	100707	1faf79ba72be44f0b5aa	30255	123	7	469	517	2
1579091905905	100708	3572c7698bcd481bb0b0	30300	826	928	165	762	3
1579091965905	100709	b3ee453a81e142bc820d	30342	299	395	49	11	1
1579092025905	100710	122ccff04fb7401cb1e8	30384	511	699	830	422	3
1579092085905	100711	7797a8ef76ee43d9a8ee	30426	745	221	795	560	3
1579092145905	100712	2dfaadcbcb194a0c8270	30471	466	438	701	344	2
1579092205905	100713	3cb8fc7e5f9e4299a247	30513	759	25	807	757	3
1579092265905	100714	911bb3f74c874efe8a7d	30555	992	353	87	776	3
1579092325905	100715	38043910b88844478359	30600	882	385	148	560	2
1579092385905	100716	9c9791de587e4717a7cf	30642	171	278	339	832	2
1579092445905	100717	c05043b47f1f4666907f	30684	925	45	297	695	2
1579092505905	100718	8825701c77fa458b8e8a	30726	196	6	803	828	2
1579092565905	100719	ed1b7b69974047a0b39b	30771	113	445	113	164	1
1579092625905	100720	95b19bdea7d74b8ab96b	30813	537	817	169	954	3
1579092685905	100721	1c3c5c9a9f504b28a94e	30855	536	234	359	425	2
1579092745905	100722	98fbbbc521e7419e9fdf	30900	887	484	42	449	2
1579092805905	100723	54a18b25b59a4c59890a	30942	740	146	106	67	2
1579092865905	100724	a34d0e3dcf5c48c5a39c	30984	633	665	286	795	3
1579092925905	100725	0f255183d65a427390ef	31026	93	939	130	721	2
1579092985905	100726	65e5a8d22e8c4ade889f	31071	342	725	277	260	2
1579093045905	100727	44b6f53c615b4de694c0	31113	24	325	920	516	2
1579093105905	100728	af391314c95e47878ec1	31155	254	875	643	962	3
1579093165905	100729	9c85874c5708494e9c76	31200	375	426	690	278	2
1579093225905	100730	f948eeced80e4b09ae82	31242	349	91	924	756	3
1579093285905	100731	e69d9fa359774e1f8ead	31284	719	983	892	709	4
1579093345905	100732	0ade3df334ff45e483d5	31326	367	791	536	493	3
1579093405905	100733	34d5401e06e54eb7b2fc	31371	709	82	111	550	2
1579093465905	100734	5ede25a8f5f446f98cdd	31413	897	202	888	233	3
1579093525905	100735	a4d353d9ac0c49608e80	31455	872	699	205	468	3
1579093585905	100736	1702ea1842b94bb192d3	31500	942	985	358	956	4
1579093645905	100737	8b6f3ff9efcf4e3ba9c3	31542	74	741	522	864	3
1579093705905	100738	f592c6046b8d479cbeff	31584	167	355	976	671	3
1579093765905	100739	e534e9e090a54b6a98d0	31626	382	651	108	952	3
1579093825905	100740	8d1e6c27ce2e46d6bd8a	31671	33	475	862	588	2
1579093885905	100741	ec826150b8d54c44aa5d	31713	819	725	180	850	3
1579093945905	100742	d1823717a5a8406b8a5f	31755	59	970	263	423	2
1579094005905	100743	9126b0e48a164cdca64e	31800	359	155	619	255	2
1579094065905	100744	76b6ad106951471b9199	31842	876	471	999	765	4
1579094125905	100745	e7d959e414a54616be81	31884	436	926	229	98	2
1579094185905	100746	0b8def473f1b4cb1b843	31926	161	920	572	710	3
1579094245905	100747	8722454965254226a290	31971	837	171	128	24	2
1579094305905	100748	bc91331cd55d4894a6ed	32013	220	368	627	115	2
1579094365905	100749	c9866b893d484daf9945	32055	257	697	317	192	2
1579094425905	100750	f5fdf288b1564f3eb8fd	32100	437	33	271	738	2
1579094485905	100751	44c487192acb4f1985b2	32142	55	927	614	42	2
1579094545905	100752	36fa92596e574306aafa	32184	965	945	410	31	3
1579094605905	100753	64d89e8d51ab4b669de3	32226	712	409	110	657	2
1579094665905	100754	5db5b23d1763461eba3b	32271	566	150	378	371	2
1579094725905	100755	e4e7753b9a1b45dbb411	32313	328	754	572	915	3
1579094785905	100756	eec7724280be4f909a04	32355	428	915	445	839	3
1579094845905	100757	c0f9b239222047dbb2f8	32400	781	89	727	773	3
1579094905905	100758	88a15af8796a401d818c	32442	118	19	508	462	2
1579094965905	100759	52f8a93b2a804f409a43	32484	718	86	74	825	2
1579095025905	100760	688bb4c1bc42497197ab	32526	844	283	427	144	2
1579095085905	100761	efbd1f0e56894737ba3d	32571	100	643	289	529	2
1579095145905	100762	14f6f461adae464da3b0	32613	346	825	623	731	3
1579095205905	100763	50a3256d174946a5b3c4	32655	835	581	490	755	3
1579095265905	100764	4505090e7902430db4ee	32700	548	793	454	330	3
1579095325905	100765	fe0da9c027e64647b7fb	32742	586	425	181	204	2
1579095385905	100766	2608a0eb87684139ba06	32784	200	108	330	168	1
1579095445905	100767	409c83e1989e45beb3e3	32826	742	993	916	223	3
1579095505905	100768	d8aaf166f46342a5a3e8	32871	254	528	526	931	3
1579095565905	100769	40670b3bd3ea4475bb73	32913	979	23	907	918	3
1579095625905	100770	36f82cbf62c040d28902	32955	242	749	759	139	2
1579095685905	100771	5d6faa31f50f46ac8e3b	33000	914	822	80	172	2
1579095745905	100772	649ef95681e541a9a3a9	33042	424	20	203	194	1
1579095805905	100773	59ec2831ab0a4f179189	33084	411	598	643	91	2
1579095865905	100774	a77f038156ac4885a5d8	33126	767	896	533	531	3
1579095925905	100775	9d5aebff3f5d431da4ca	33171	197	654	903	857	3
1579095985905	100776	b5381c2f0bb746548b2d	33213	423	774	518	44	2
1579096045905	100777	3f5e64be8cd94b048748	33255	280	713	279	419	2
1579096105905	100778	7fa3440f31ef425fa906	33300	762	94	149	358	2
1579096165905	100779	e8cf74789c5a4c0ca3c9	33342	66	996	873	156	3
1579096225905	100780	9573c1d50c1740a399b3	33384	37	17	504	257	1
1579096285905	100781	d0cb55fed7ef4e61b56d	33426	462	931	886	860	4
1579096345905	100782	85078230e364406b85f6	33471	160	906	872	379	3
1579096405905	100783	a0b43f7f452b4d43887e	33513	109	577	487	851	3
1579096465905	100784	64cf0b78eaa24fc29052	33555	969	559	601	407	3
1579096525905	100785	72b45aec933e496086a6	33600	937	46	593	604	3
1579096585905	100786	67c8e3d4103545b38c74	33642	133	768	46	520	2
1579096645905	100787	381741c331dc418bb690	33684	413	912	273	533	3
1579096705905	100788	0d54c00c49254f12a297	33726	359	388	481	669	2
1579096765905	100789	f4fb817318884840bf48	33771	190	661	849	251	2
1579096825905	100790	f04721f0e1594d78abe9	33813	910	336	880	940	4
1579096885905	100791	1c164ed7d9514013a924	33855	628	277	625	216	2
1579096945905	100792	158a7bcb4b28464d8ac2	33900	875	377	745	425	3
1579097005905	100793	b05a1dd7aecd450ba102	33942	937	602	869	767	4
1579097065905	100794	10bd58a4968041719bd8	33984	848	406	182	469	2
1579097125905	100795	09b33f962b7a4196876e	34026	80	832	165	483	2
1579097185905	100796	e7e8b28110cb42579aef	34071	761	481	409	905	3
1579097245905	100797	c12dc6f786aa4333946a	34113	783	247	344	189	2
1579097305905	100798	52dc37547e7f4973ac4b	34155	390	36	521	210	2
1579097365905	100799	53e0bb036f6f40adab7e	34200	789	710	503	365	3
1579097425905	100800	89e62b8a1913482eac62	34242	319	214	850	476	2
1579097485905	100801	12b7e2ebef1b40318650	34284	52	440	216	534	2
1579097545905	100802	338ace9f48a64cca99c4	34326	294	742	169	729	2
1579097605905	100803	3fee37a153ed4152b610	34371	231	880	512	908	3
1579097665905	100804	8651dd5a70214effb163	34413	336	196	693	329	2
1579097725905	100805	fd6a4e00d5af43d69834	34455	996	46	631	662	3
1579097785905	100806	5b2f5ddc334b412c8976	34500	476	84	903	393	2
1579097845905	100807	bc3b4ee0a6614f1a8bb0	34542	859	825	768	614	4
1579097905905	100808	c8ada01789ed418ca978	34584	289	556	130	822	2
1579097965905	100809	6d9165cc76ab49bbad4a	34626	397	492	53	773	2
1579098025905	100810	e61e4703e2ee453ba339	34671	724	298	995	400	3
1579098085905	100811	56d0d9b8b3de4e458933	34713	934	235	198	714	3
1579098145905	100812	ae26a1df4f0441cca9c8	34755	895	752	169	130	2
1579098205905	100813	10d89297cce144febfcd	34800	323	220	267	858	2
1579098265905	100814	385b1125ff18439088b2	34842	755	402	661	942	3
1579098325905	100815	ded8f50eb0bb40318a19	34884	68	97	77	702	1
1579098385905	100816	c42ad91037694153b360	34926	950	661	771	146	3
1579098445905	100817	11a9a42289094e89acfc	34971	850	218	817	594	3
1579098505905	100818	b48bd8d7b7ff419499f7	35013	509	407	199	271	2
1579098565905	100819	d8df8c9fe96b46d2a5f4	35055	970	293	692	369	3
1579098625905	100820	9069439c8ddc46b39ea5	35100	867	115	65	934	2
1579098685905	100821	bcd8a1f9bfc14bddac98	35142	391	256	767	732	3
1579098745905	100822	b837fa2e9dc04e6c9770	35184	215	395	513	75	2
1579098805905	100823	e03da81f28114d398517	35226	243	706	868	898	3
1579098865905	100824	afea65bf7f304cf39a0f	35271	538	950	18	44	2
1579098925905	100825	d0374aeb20db4be4894a	35313	886	775	390	575	3
1579098985905	100826	96dcf43f1d1343b388bc	35355	366	17	514	377	2
1579099045905	100827	25a99690cfdc4f37828c	35400	349	27	653	542	2
1579099105905	100828	cdea1a0c393a461b933d	35442	295	80	528	915	2
1579099165905	100829	66df05bbf2a945bc8895	35484	940	819	615	353	3
1579099225905	100830	e6c130380fc84d6fbdf8	35526	237	748	237	958	3
1579099285905	100831	c80aa1749d184ab6a8b6	35571	316	769	80	397	2
1579099345905	100832	2e460c5978884fcf8389	35613	312	835	179	152	2
1579099405905	100833	6da2148e14124526b481	35655	909	631	18	280	2
1579099465905	100834	cfe19768f252498dbe98	35700	162	4	816	426	2
1579099525905	100835	d2294a8888294ab49235	35742	908	184	957	133	3
1579099585905	100836	b26eca833842412facb7	35784	200	850	459	683	3
1579099645905	100837	d0a278754c4645979cda	35826	494	523	776	156	2
1579099705905	100838	8824f773182045d88d13	35871	545	47	198	242	2
1579099765905	100839	0ead437c9e8d4f379112	35913	739	673	397	733	3
1579099825905	100840	8114071571e244c5b320	35955	389	376	866	851	3
1579099885905	100841	de76b8877f2044cd91d6	36000	315	212	592	818	2
1579099945905	100842	c37727edfd0d4982bdde	36042	230	924	429	150	2
1579100005905	100843	e9362a9cf6a54273b8b6	36084	947	928	888	690	4
1579100065905	100844	16b62947b387400bbca5	36126	690	854	966	452	3
1579100125905	100845	13d7e81ae7c042489874	36171	145	572	380	442	2
1579100185905	100846	c59a5ada66b447a2b974	36213	518	297	279	731	2
1579100245905	100847	2e88f7f4d0084ad8a842	36255	59	175	863	124	2
1579100305905	100848	34de7bf63eb349aca3ff	36300	924	664	698	567	3
1579100365905	100849	228de241164f4e76937c	36342	860	893	125	681	3
1579100425905	100850	1c579fe28cc3415d9cdb	36384	725	789	629	689	3
1579100485905	100851	6dffe649790142ccb27e	36426	775	728	931	736	4
1579100545905	100852	064498100cc94277bec0	36471	24	529	773	745	3
1579100605905	100853	4bce1a8154d94d898113	36513	201	121	218	191	1
1579100665905	100854	f400ff1c2aad403c9a2f	36555	817	773	838	245	3
1579100725905	100855	179790a6b8e6469dbe91	36600	874	134	179	358	2
1579100785905	100856	fe4328c5ea014e0fb4d3	36642	233	977	944	826	3
1579100845905	100857	dccac9060a8a4e4bacc5	36684	932	707	539	577	3
1579100905905	100858	2efb32d6dae046d98bd9	36726	140	467	371	551	2
1579100965905	100859	fa8ad18eb0d84bf3bbe8	36771	242	980	969	76	3
1579101025905	100860	2eafe797ec6d414f9025	36813	542	693	252	191	2
1579101085905	100861	bbd2b6e48ee74c6689a4	36855	778	934	507	486	3
1579101145905	100862	3594b5866a3c4e8eaa01	36900	125	713	181	717	2
1579101205905	100863	a445ac46a4814eeeb903	36942	235	475	556	208	2
1579101265905	100864	7a8785d39da74e00a1b0	36984	562	22	920	951	3
1579101325905	100865	252e576dbfe941639501	37026	791	4	944	189	2
1579101385905	100866	8fd919ef01274ea5b835	37071	807	458	52	549	2
1579101445905	100867	bf94773c508f4733aac4	37113	706	118	902	954	3
1579101505905	100868	97af7cfa408445cebfb9	37155	377	7	702	584	2
1579101565905	100869	640d94fd74cf489baaf4	37200	72	472	13	652	2
1579101625905	100870	6b0b212de0d5437ba011	37242	687	400	601	245	2
1579101685905	100871	9d89853a13e94e889f13	37284	26	377	606	910	2
1579101745905	100872	e11eac72fd824f089e56	37326	432	754	846	994	4
1579101805905	100873	85f114845e8a4121b55f	37371	289	588	392	690	2
1579101865905	100874	9573b0313de94778907a	37413	553	645	604	13	2
1579101925905	100875	51697f5ddb8b4668bd8a	37455	345	341	318	893	2
1579101985905	100876	7b77a0b6a7854035ad0b	37500	957	963	665	202	3
1579102045905	100877	4894217185904d09a34e	37542	759	202	962	365	3
1579102105905	100878	c2600acae57844ebad76	37584	778	973	693	459	3
1579102165905	100879	079e994d61e34c54bdbf	37626	443	44	494	996	2
1579102225905	100880	dfa30c925989477cabd4	37671	706	11	830	895	3
1579102285905	100881	66764ba0e0fb423984f3	37713	614	845	5	420	2
1579102345905	100882	3704d5c3b86640d797d9	37755	758	130	510	933	3
1579102405905	100883	6165d8ddc36644c9a724	37800	949	882	934	394	4
1579102465905	100884	3c92dcd021df434dbe36	37842	421	197	14	143	1
1579102525905	100885	7c92e667730843c792ba	37884	483	584	377	180	2
1579102585905	100886	e1d4e8fdedc84fa2b5f0	37926	211	398	935	410	2
1579102645905	100887	6b5121653020452b8a91	37971	906	57	767	541	3
1579102705905	100888	1a7f3fcf981b43acaeed	38013	810	3	475	698	2
1579102765905	100889	7517b58052124ef3a809	38055	179	150	837	318	2
1579102825905	100890	2dfc5bb4f3024bd9b078	38100	507	979	328	536	3
1579102885905	100891	1ee8c6af207b47579a7f	38142	128	187	273	12	1
1579102945905	100892	c1b812a46865407a996a	38184	125	448	316	997	2
1579103005905	100893	084b45386434409bbd19	38226	937	519	75	615	3
1579103065905	100894	5e7ffbbe0c50481cb8af	38271	829	149	81	662	2
1579103125905	100895	9dbad3784cd44a19a062	38313	371	595	157	302	2
1579103185905	100896	789b25da17f94d92b7fb	38355	140	799	378	648	2
1579103245905	100897	3af9999c547649469a5e	38400	514	816	907	637	3
1579103305905	100898	fdd9bbbbe8e746769125	38442	196	358	900	922	3
1579103365905	100899	6e14e7cd2c2f432daf19	38484	648	115	227	592	2
1579103425905	100900	5ab7f50b99ea4e7dbba8	38526	578	194	382	111	2
1579103485905	100901	292eb7208c7646199a77	38571	43	691	150	655	2
1579103545905	100902	759edd8c066c4fe08d1a	38613	741	304	936	211	3
1579103605905	100903	c9e39c274dea4e0eb641	38655	314	951	301	970	3
1579103665905	100904	745c2ac7cffd4e63a626	38700	469	555	671	451	3
1579103725905	100905	d9c369436bfc4fb18304	38742	960	169	972	292	3
1579103785905	100906	fa4c9583344b4fdcacc7	38784	124	389	895	495	2
1579103845905	100907	9ad4dccd4d0a4502916f	38826	407	983	913	178	3
1579103905905	100908	17bc8028ad5b40bab5eb	38871	704	110	551	74	2
1579103965905	100909	89248c7b79404cb09f49	38913	14	502	837	291	2
1579104025905	100910	eb6ea9009d094dcc8f73	38955	22	809	888	413	3
1579104085905	100911	1169c4fe3d8448878fba	39000	171	560	777	782	3
1579104145905	100912	b1353efdeeec4b59acc5	39042	984	139	382	425	2
1579104205905	100913	3df9153273834a339e65	39084	433	925	362	553	3
1579104265905	100914	7e9e2d4cd2644a4aa86d	39126	896	581	445	316	3
1579104325905	100915	a7e95d79d1974222a7c0	39171	667	978	702	782	4
1579104385905	100916	952a0549ac0c40ee8427	39213	482	23	180	40	1
1579104445905	100917	4d1ca304ac5c43848bae	39255	454	911	20	877	3
1579104505905	100918	d2d2bfe479d643419b7f	39300	437	341	869	281	2
1579104565905	100919	a0586576449240c89c8e	39342	803	618	239	430	3
1579104625905	100920	f0b778713ec44b29bf25	39384	578	99	970	693	3
1579104685905	100921	4e90b6570d114119b15c	39426	970	975	315	253	3
1579104745905	100922	c0fa7cd83f8943d1a703	39471	27	690	233	731	2
1579104805905	100923	9840c2cf68df4b23b8de	39513	335	609	734	591	3
1579104865905	100924	b54a2d9a964f491db241	39555	381	51	793	846	3
1579104925905	100925	fd97f9b91e654b69abce	39600	928	71	952	169	3
1579104985905	100926	d03115278dcf46db80d6	39642	406	216	322	490	2
1579105045905	100927	8596556bce0740afbabc	39684	764	978	339	678	3
1579105105905	100928	f85c6773c78a4d699ce0	39726	823	319	737	267	3
1579105165905	100929	0de75aa69842426ab10d	39771	533	435	315	575	2
1579105225905	100930	43dc049266d34a2cabba	39813	730	904	449	874	3
1579105285905	100931	f66491ef42ed4e3391ab	39855	494	511	478	866	3
1579105345905	100932	980d4173df444ce0a65f	39900	292	700	202	209	2
1579105405905	100933	879eb44cf0f94587aaa5	39942	870	12	676	325	2
1579105465905	100934	d072f5581e1a473a908c	39984	748	366	709	699	3
1579105525905	100935	4c90a289119e4ba1b3b8	40026	547	923	743	41	3
1579105585905	100936	094ff5d053cb47098a87	40071	250	891	165	55	2
1579105645905	100937	a744b218c80b448ca0ac	40113	191	669	332	177	2
1579105705905	100938	488c920fc33a45728e9a	40155	312	299	591	716	2
1579105765905	100939	336e172ef7854bea978a	40200	350	344	64	626	2
1579105825905	100940	f9e8d4c2b8584bb09ff2	40242	836	271	770	132	3
1579105885905	100941	d304489cc4434413a779	40284	837	9	76	787	2
1579105945905	100942	c7fa3103fa0d4e6e939a	40326	971	19	200	754	2
1579106005905	100943	2f12e1b6862843df9282	40371	332	113	65	356	1
1579106065905	100944	a5e3c7b0c93b479e840a	40413	799	803	26	526	3
1579106125905	100945	bbea092dd21247faa1bb	40455	21	187	620	488	2
1579106185905	100946	889d76eb20f942a5958c	40500	330	783	32	61	2
1579106245905	100947	e203ef39a4ea409d8b7d	40542	354	657	450	604	3
1579106305905	100948	147309057deb447ba3df	40584	408	392	574	739	3
1579106365905	100949	0234bcb705574f4483c1	40626	578	787	92	199	2
1579106425905	100950	bffd7960f75f4c349752	40671	744	314	783	675	3
1579106485905	100951	57ef1bd3934149b98db7	40713	299	929	820	282	3
1579106545905	100952	2d3682d05bfb49e5909d	40755	499	250	478	2	2
1579106605905	100953	74afd8897e5a49bf8db9	40800	25	142	862	927	2
1579106665905	100954	ee3dc1fb7db64d75a7a9	40842	259	199	487	745	2
1579106725905	100955	a4db520cd27e4b4a9197	40884	454	581	744	948	3
1579106785905	100956	611df0d23a244115ad39	40926	429	163	834	202	2
1579106845905	100957	f22e627c0bae4ae89520	40971	439	917	393	575	3
1579106905905	100958	579942198ca84d5cafc1	41013	151	513	744	232	2
1579106965905	100959	73ada64ac917498391a6	41055	565	519	949	824	3
1579107025905	100960	c43b5a3d3e4045bc8147	41100	682	414	563	137	2
1579107085905	100961	d8aa225d81144da69695	41142	728	716	878	467	3
1579107145905	100962	f85eeb903210481bbdc3	41184	312	625	594	701	3
1579107205905	100963	b6a2d13dce5048978c79	41226	877	737	76	469	3
1579107265905	100964	4967bbdd6524488cbcfa	41271	614	364	650	981	3
1579107325905	100965	c298c2d8cc794b2ea88f	41313	122	860	974	61	3
1579107385905	100966	bba01f1dba4a4b649b4a	41355	779	26	845	486	3
1579107445905	100967	403fdb023986468fb0a8	41400	972	598	423	842	3
1579107505905	100968	9f6f7e58523140e5922a	41442	7	857	359	326	2
1579107565905	100969	5f9d5bb625604335a460	41484	135	168	873	72	2
1579107625905	100970	63c7804e7a7542ee89d8	41526	956	176	931	59	3
1579107685905	100971	73956bcc036542f2af1e	41571	981	40	588	588	3
1579107745905	100972	abcfc3912730418db164	41613	984	919	362	329	3
1579107805905	100973	878a930424d24fedb076	41655	133	483	216	909	2
1579107865905	100974	7935145612bc4c99a5d0	41700	113	859	59	34	2
1579107925905	100975	c63055c31a3d41918dec	41742	157	714	6	395	2
1579107985905	100976	fd9aea29c9704d1fa3b1	41784	670	800	228	45	2
1579108045905	100977	b5670c1b47be49578aeb	41826	64	751	346	938	3
1579108105905	100978	237f79ec1bd14400b242	41871	764	303	79	9	2
1579108165905	100979	2b4be9ffbfd440b8b767	41913	689	758	531	357	3
1579108225905	100980	9f1424f09aae4ec3b503	41955	782	312	805	992	3
1579108285905	100981	0b63f4fdc66f468d8d1e	42000	870	478	161	748	3
1579108345905	100982	478eb031cf5a4cfe8d7c	42042	884	518	886	567	3
1579108405905	100983	91ae05ad146b4192ae51	42084	117	799	158	912	2
1579108465905	100984	004c4fc53ea949f3a5bb	42126	901	256	774	498	3
1579108525905	100985	1474e8a5a0404cf4938f	42171	449	780	605	556	3
1579108585905	100986	75a6fc7e011547da9298	42213	244	307	842	562	2
1579108645905	100987	67a3b217993147febf4f	42255	645	544	78	700	2
1579108705905	100988	9c384665d3e44ba78457	42300	653	314	304	536	2
1579108765905	100989	e7c2a1824ea6491098ab	42342	343	482	551	534	2
1579108825905	100990	14ec3bba8f0648ef9487	42384	840	576	866	609	3
1579108885905	100991	35e12115f6b94d77992e	42426	694	186	739	837	3
1579108945905	100992	c5275b1c53c84bb48cdb	42471	101	739	683	593	3
1579109005905	100993	9bab12bed4de4caca3fb	42513	468	915	535	171	3
1579109065905	100994	26b168da507c41bda787	42555	535	928	319	18	2
1579109125905	100995	3755e930c84242129a2c	42600	957	769	79	564	3
1579109185905	100996	84dbc611e7984682badb	42642	673	75	95	212	2
1579109245905	100997	a57807ef72824733bc1e	42684	662	738	893	735	4
1579109305905	100998	75d715df90524513801e	42726	715	166	34	860	2
1579109365905	100999	6c8b6670d6d741109168	42771	390	135	506	213	2
1579109425905	101000	044074c56eda48c09707	42813	637	438	181	343	2
